AAWt,AAMt,Sstruct,SaccW,ShbondsW,SaccM,ShbondsM,yDDG,Result,Positiontype,ProteinPropens,Positionaccept,MOSST,SectorSuperficie,Functionalrelevancefunction,Clinical
0.025166970475779017,0.025166970475779017,0.1510018228546741,0.10066788190311607,0.42783849808824326,0.1510018228546741,0.3523375866609062,-0.5536733504671384,0.12583485237889508,0.12583485237889508,0.3020036457093482,0.44797207446886644,-0.050333940951558034,0.025166970475779017,0.050333940951558034,0
0.0006194638690446633,0.0006194638690446633,0.002477855476178653,0.6293752909493778,0.010530885773759274,0.7768076917820077,0.008672494166625284,0.003716783214267979,0.003097319345223316,0.003097319345223316,0.012389277380893264,0.007805244749962756,-0.002477855476178653,0.0006194638690446633,0.003097319345223316,0
0.006595493651472717,0.006595493651472717,0.0043969957676484785,0.8046502254796716,0.037374464025012065,0.5672124540266537,0.030778970373539345,-0.15389485186769675,0.008793991535296957,0.010992489419121195,0.02198497883824239,0.037374464025012065,-0.03517596614118783,0.010992489419121195,0.03517596614118783,0
0.030719586345123142,0.010239862115041048,0.061439172690246284,0.24575669076098514,0.17407765595569782,0.9011078661236123,0.14335806961057468,-0.08191889692032839,0.05119931057520524,0.11263848326545153,0.0,0.20479724230082097,-0.061439172690246284,0.061439172690246284,0.020479724230082097,0
0.014207106474732367,0.009471404316488245,0.009471404316488245,0.6440554935212006,0.08050693669015008,0.738769536686083,0.0662998302154177,-0.1041854474813707,0.02367851079122061,0.05209272374068535,0.028414212949464734,0.09187262186993597,-0.0662998302154177,0.004735702158244122,0.01894280863297649,1
0.017412673495219955,0.013059505121414966,0.008706336747609978,0.017412673495219955,0.07400386235468481,0.809689317527728,0.060944357233269845,-0.5659118885946486,0.017412673495219955,0.004353168373804989,0.04353168373804989,0.0792276644032508,-0.06965069398087982,0.02611901024282993,0.008706336747609978,1
0.10297110457020561,0.025742776142551403,0.1544566568553084,0.0,0.43762719442337383,0.0,0.3603988659957196,-0.6693121797063365,0.128713880712757,0.0772283284276542,0.3603988659957196,0.128713880712757,-0.051485552285102806,0.1544566568553084,0.0,1
0.01254653790593378,0.003136634476483445,0.00627326895296689,0.2446574891657087,0.009409903429450334,0.9535368808509672,0.043912882670768226,-0.15055845487120534,0.01254653790593378,0.015683172382417225,0.03136634476483445,0.05520476678610863,-0.018819806858900667,0.015683172382417225,0.03136634476483445,0
0.06838855920907225,0.034194279604536124,0.06838855920907225,0.0,0.290651376638557,0.0,0.23935995723175282,0.6496913124861862,0.0854856990113403,0.18806853782494867,0.0,0.3419427960453612,-0.44452563485896956,0.05129141940680418,0.25645709703402086,0
0.0016097235816453998,0.0032194471632907996,0.0016097235816453998,0.4072600661562861,0.013682650443985898,0.9127132707929417,0.0032194471632907996,0.019316682979744797,0.004024308954113499,0.0088534796990497,0.004829170744936199,0.015614318741960377,-0.011268065071517798,0.0016097235816453998,0.004024308954113499,0
0.002978945576760309,0.002978945576760309,0.005957891153520618,0.8043153057252834,0.01688069160164175,0.5898312241985412,0.013901746024881442,-0.06553680268872679,0.003971927435680412,0.002978945576760309,0.005957891153520618,0.008738240358496907,-0.005957891153520618,0.005957891153520618,0.011915782307041236,0
0.0014684888465556656,0.0014684888465556656,0.0011013666349167493,0.685050046918218,0.006241077597861579,0.7283704678916102,0.0014684888465556656,0.0007342444232778328,0.001835611058194582,0.0040383443280280805,0.0,0.007342444232778328,-0.007342444232778328,0.001835611058194582,0.0022027332698334985,1
0.002910546835302658,0.002910546835302658,0.0021829101264769935,0.5166220632662218,0.012369824050036296,0.8557007695789814,0.002910546835302658,-0.01600800759416462,0.003638183544128323,0.00800400379708231,0.004365820252953987,0.013825097467687626,-0.011642187341210633,0.003638183544128323,0.001455273417651329,0
0.000411899205121729,0.000411899205121729,0.002471395230730374,0.609610823580159,0.001235697615365187,0.7924940706542066,0.005766588871704205,0.013180774563895327,0.002059496025608645,0.001235697615365187,0.0074141856921911215,0.006260867917850281,-0.002471395230730374,0.002471395230730374,0.000823798410243458,1
0.0004506787391377774,0.0018027149565511096,0.0018027149565511096,0.6823276110545949,0.001352036217413332,0.7310009148814748,0.0018027149565511096,0.0009013574782755548,0.002253393695688887,0.002253393695688887,0.0009013574782755548,0.006489773843583993,0.0,0.0004506787391377774,0.0009013574782755548,1
0.0014914008813172322,0.00037285022032930806,0.0011185506609879242,0.6957385111344888,0.006338453745598237,0.7181095243542472,0.005219903084610312,-0.007457004406586161,0.0018642511016465403,0.004101352423622389,0.0,0.007457004406586161,-0.007457004406586161,0.0018642511016465403,0.0022371013219758483,1
0.06838855920907225,0.034194279604536124,0.06838855920907225,0.0,0.290651376638557,0.0,0.23935995723175282,0.6496913124861862,0.0854856990113403,0.18806853782494867,0.0,0.3419427960453612,-0.44452563485896956,0.05129141940680418,0.25645709703402086,0
0.03709645251221235,0.024730968341474903,0.0741929050244247,0.2967716200976988,0.21021323090253666,0.8408529236101466,0.1731167783903243,-0.1483858100488494,0.012365484170737451,0.13602032587811197,0.0,0.24730968341474902,-0.12365484170737451,0.0741929050244247,0.024730968341474903,0
0.001876397557074944,0.0006254658523583148,0.0006254658523583148,0.5228894525715511,0.010632919490091349,0.8518844909120246,0.0012509317047166295,0.020014907275466072,0.0031273292617915735,0.0068801243759414625,0.0,0.011883851194807978,-0.012509317047166294,0.001876397557074944,0.0012509317047166295,0
0.002100074229065496,0.001050037114532748,0.002100074229065496,0.5313187799535705,0.017850630947056714,0.8463299143133948,0.002100074229065496,0.002100074229065496,0.0052501855726637394,0.011550408259860229,0.0063002226871964875,0.02037072002193531,-0.021000742290654958,0.002100074229065496,0.0052501855726637394,0
